%author: Manaswi Mondol%
#{
  all prices are in EUR;
  cbch = closing price of bchc 
  abch = high price during that day
  bbch = low price during that day
  data set starting date 23/07/2017 (Bitcoin fork date)
  data set ending date 17/01/2020
#}

% daily low price 
abch = [352.547943 350.501923 290.132172 276.619965 315.552979 185.473801 275.561798 269.196472 225.889328 178.30748 260.931274 306.360352 197.983185 170.739944 172.938629 189.945663 262.160034 253.875198 233.372116 233.744675 265.490875 252.117249 248.30542 249.596909 247.237183 248.829285 391.423462 531.599487 581.582458 486.736572 482.584442 552.384888 523.011902 529.246338 521.939819 494.494293 497.221313 441.476563 448.427765 481.923004 493.424469 472.787384 475.324249 420.802521 385.560974 452.91394 506.207825 463.313385 448.059509 402.302826 429.330627 422.21637 393.466949 307.920288 252.396042 325.100067 321.633026 353.566772 375.572906 392.605225 346.462891 336.59201 340.906128 350.778961 351.875732 375.004242 372.981079 368.0625 362.595123 366.181854 351.585358 350.713593 336.288239 301.515442 296.4245 303.178162 303.473114 287.127045 246.030807 264.17749 263.623322 262.55957 256.97171 268.44104 260.257996 263.486633 262.923492 266.697815 275.539215 273.677246 269.425446 274.551483 263.92215 264.907288 272.428589 280.162415 290.784912 317.934204 351.828918 359.708893 370.960541 375.952087 441.269318 495.467743 492.045319 498.648193 519.07666 518.906128 487.920105 534.027222 558.839966 780.864258 1042.253296 895.048462 1038.03772 1011.180847 744.813477 731.9375 1015.373596 970.134766 994.360718 972.03717 998.295837 1100.160767 1330.31665 1287.317749 1310.435913 1348.025513 1298.998169 1124.263672 1030.264648 1091.356079 1190.587891 1194.885986 1263.682373 1266.700439 1183.086182 1124.490356 1061.074829 1150.884033 1042.341064 1118.914063 1212.21228 1275.276611 1346.248169 1421.723389 1505.701172 1537.312866 1530.124146 1832.996826 2386.811523 2561.559814 1635.470825 2264.333252 2170.397217 2324.224121 2456.651855 2329.592285 2076.054199 1994.023926 1941.872314 1959.011353 1991.100708 2027.398438 2158.488037 1961.50647 1963.872192 2062.986572 2269.961914 1902.232544 1968.030762 1954.319214 2006.395508 2001.268799 2123.199951 2042.020752 1899.730835 1269.24707 1112.398926 1390.938965 1408.1604 1456.996704 1413.425171 1244.188843 1228.944824 1280.412964 1288.522827 1204.72937 1262.404419 1317.666504 1323.261353 1183.149414 1133.067383 970.894287 785.437683 861.019226 885.582214 674.877075 616.441833 731.118774 774.576355 985.290771 993.80365 979.211975 997.657776 978.43866 995.045776 1066.789673 1095.393555 1223.006836 1151.543701 1194.604126 1146.708252 1053.400146 968.4104 942.634583 935.068726 929.85437 932.911255 999.505127 987.826111 980.014771 1019.465637 1021.157776 994.641541 1027.910156 951.415161 841.965088 817.654663 761.089722 807.956116 791.023987 828.359558 808.076294 747.901306 708.998474 734.740784 757.255615 693.10083 744.683594 780.993225 828.810242 805.841492 782.127686 795.322632 780.973877 712.623108 706.317383 692.893005 571.644592 549.807678 555.142456 511.267731 520.935608 536.734924 519.720581 506.413239 491.536407 497.036896 521.856567 509.144562 510.232056 524.913452 533.071777 588.605957 586.600647 601.757629 601.978516 610.606262 612.281372 709.79718 770.699219 836.749146 908.57074 973.763123 1155.696289 1024.161987 1027.738037 1103.108521 1100.156738 1136.221924 1108.925293 1044.889771 1106.034912 1215.310669 1222.656738 1266.992798 1396.838867 1333.920532 1323.082031 1252.459717 1278.798096 1116.25061 1075.565186 1195.017578 1129.099243 1119.172974 1050.308716 1005.587585 971.132446 984.849304 997.851379 1037.867432 960.891357 837.412292 817.126282 857.096191 859.381958 843.151917 755.083679 763.464233 827.890564 835.247437 838.461426 854.70752 921.800964 929.726257 913.138916 941.424988 958.589172 934.893066 928.208374 773.080933 767.60907 734.125793 694.687683 706.067322 726.357361 723.128296 732.401855 714.970276 759.080627 747.638123 748.034241 630.98584 636.921448 580.817688 634.313782 601.183899 593.007996 563.137329 560.114075 613.748169 616.076355 622.161133 647.465271 636.78241 621.088623 602.552551 609.02002 634.957397 622.265808 587.216675 587.171021 574.153992 588.58905 591.087708 597.994019 615.58783 668.985779 699.698486 695.321167 652.994568 640.652832 666.752014 670.136841 666.19696 704.925476 683.745483 674.499023 689.543579 698.17688 674.626038 655.717468 633.621216 626.712646 608.030701 597.888794 594.676208 592.383606 563.801331 496.244843 501.798004 495.137604 480.697632 491.756348 463.870239 423.759338 449.207916 446.08255 454.179138 473.071625 476.493835 446.6185 447.518066 441.628998 445.665161 449.877808 455.84201 444.523712 447.313995 463.505188 468.896301 452.527008 461.802887 467.504089 518.958557 535.94574 537.665344 456.111816 426.045624 429.07724 405.849701 403.689728 400.111298 373.833618 358.007263 372.74353 380.450836 383.906952 371.03714 353.477966 354.821533 354.932312 363.177124 381.481232 398.313812 406.596832 391.092834 364.398529 369.152344 438.08374 459.452271 442.883301 448.346741 450.145691 457.181519 439.55481 443.433838 443.099487 435.953461 439.249573 450.045013 446.862915 440.187012 372.638611 370.442047 382.769836 379.627106 375.564056 392.470764 387.988892 377.999817 378.008789 380.329071 386.678741 384.62207 381.976074 386.65274 384.8974 383.451752 381.921326 382.569977 364.571655 366.066162 363.509613 372.112274 371.973206 402.685425 420.226593 473.133972 483.122253 533.487976 504.856873 469.90625 472.581421 456.588135 446.463074 449.121918 372.296417 357.334106 340.456635 333.038422 332.7547 294.195404 174.10289 194.586578 185.44136 172.179825 156.290298 136.019424 150.357742 151.328461 156.191635 155.29657 147.842804 148.292068 151.665054 135.365524 131.457413 115.046875 94.445557 85.743103 87.701088 90.477058 90.998024 86.184128 87.414413 77.826958 68.76564 66.388428 68.418388 71.982048 77.066231 90.522636 110.010834 155.494827 161.878204 166.346085 156.989883 136.133179 145.336105 129.306564 125.93605 143.763092 139.562149 130.080475 130.886734 141.292099 140.658127 137.093948 138.942474 139.655197 140.451599 138.644989 137.395523 115.711342 112.270943 114.677963 108.118431 108.900261 111.277451 112.371506 111.618706 111.624451 112.250191 107.908691 107.120178 104.582527 112.479843 111.970894 111.463181 111.310165 105.873955 94.557251 94.541153 95.886063 99.282097 97.936226 101.432541 102.56221 103.35936 102.748657 98.216743 100.676605 101.599739 111.286987 107.826248 108.056534 105.992218 107.657143 107.620285 107.951347 107.968483 107.243332 110.643944 125.982666 124.084618 124.536308 124.991463 125.569992 114.847054 114.671875 117.399467 114.498528 115.250114 116.038353 115.014107 115.204681 108.706268 109.847031 115.98246 115.973412 114.183334 114.253616 116.718407 114.223259 113.706253 113.260567 113.690849 117.375587 127.033325 131.204147 137.866241 139.072693 137.966278 132.395325 134.944214 139.474518 145.091431 140.235992 138.201584 141.980392 148.950668 148.20694 149.147293 149.029373 149.037781 149.444275 210.933243 246.168137 251.739944 254.217239 267.450989 264.391418 261.832672 262.568176 229.761368 230.988144 242.407333 243.077499 254.891891 270.579163 271.128845 271.197693 261.255951 263.89505 250.654221 255.889282 258.928894 242.644562 238.972092 230.812027 234.014542 225.636841 208.255981 211.370163 237.311569 239.851028 239.712906 245.730499 256.13382 247.988785 255.877213 247.224228 248.151276 249.001389 256.134125 299.278137 309.147095 329.360107 333.057953 346.779724 305.214203 315.305206 319.662872 345.215393 359.668823 347.572235 334.619507 354.493622 358.344421 352.198242 381.603912 383.938507 378.470764 372.088165 374.625244 386.105133 387.972076 359.013092 327.699432 339.94046 331.42746 348.129639 341.862457 329.989655 331.93338 336.502136 340.483887 350.164917 359.1026 367.911133 373.109222 380.117676 362.0802 366.546082 359.645935 365.82077 384.528381 415.112427 