%author: Manaswi Mondol%
#{
  all prices are in EUR;
  cxrp = closing price of bchc 
  axrp = high price during that day
  bxrp = low price during that day
  data set starting date 17/09/2014
  data set ending date 24/10/2019
#}

axrp = [];

bxrp = [];

cxrp = [0.004202 0.003975 0.003853 0.00372 0.003559 0.003624 0.003591 0.003653 0.003702 0.003639 0.00371 0.004167 0.003708 0.003678 0.003765 0.003847 0.004013 0.003948 0.003827 0.003741 0.003764 0.003757 0.003802 0.003858 0.003764 0.003843 0.003761 0.003854 0.003765 0.003792 0.003844 0.003892 0.003883 0.003965 0.004085 0.004104 0.004065 0.004011 0.003725 0.003588 0.003851 0.003804 0.003781 0.003878 0.003886 0.00373 0.003731 0.003851 0.003828 0.003896 0.00394 0.003917 0.003941 0.003954 0.003945 0.003927 0.004101 0.004037 0.00415 0.004035 0.004138 0.00429 0.004334 0.004543 0.00483 0.005319 0.006186 0.006951 0.006886 0.007805 0.0088 0.011401 0.012177 0.011227 0.009016 0.010073 0.010622 0.010664 0.010774 0.011221 0.011727 0.012035 0.010899 0.012165 0.012747 0.013212 0.013141 0.013637 0.013742 0.014665 0.01722 0.021127 0.022738 0.019087 0.019798 0.020387 0.020916 0.019615 0.019182 0.019774 0.020787 0.019773 0.01953 0.019939 0.019903 0.020203 0.02018 0.020267 0.018423 0.015845 0.017019 0.017466 0.017613 0.017535 0.017373 0.016239 0.015812 0.015581 0.013289 0.012079 0.014135 0.014181 0.01328 0.013515 0.013792 0.013957 0.014341 0.014991 0.014931 0.014933 0.014879 0.01424 0.013934 0.013268 0.012975 0.012797 0.012669 0.012504 0.012057 0.011372 0.011928 0.012612 0.013415 0.012877 0.012753 0.012359 0.012059 0.012182 0.012314 0.012796 0.013139 0.012032 0.012134 0.012305 0.012099 0.012109 0.011848 0.011677 0.011538 0.011767 0.011814 0.011795 0.011873 0.011935 0.011611 0.010966 0.01091 0.009473 0.009057 0.010466 0.010012 0.009716 0.009186 0.009824 0.00942 0.009698 0.009749 0.010018 0.010568 0.010319 0.010377 0.010315 0.00975 0.009826 0.009654 0.00941 0.009419 0.00942 0.008949 0.008315 0.008053 0.00817 0.00813 0.00781 0.007807 0.007236 0.00712 0.007274 0.007945 0.008057 0.007949 0.008036 0.008383 0.008531 0.008233 0.008029 0.007829 0.008118 0.007752 0.007665 0.007446 0.007446 0.007428 0.007311 0.007261 0.00738 0.007421 0.007484 0.007416 0.007425 0.007622 0.007124 0.007141 0.006957 0.007077 0.007162 0.00716 0.007177 0.007201 0.007192 0.007075 0.006864 0.006696 0.00669 0.006764 0.006594 0.006604 0.006431 0.006044 0.005792 0.005812 0.005753 0.005531 0.005077 0.00587 0.005978 0.005918 0.006037 0.006173 0.006195 0.006314 0.006241 0.006366 0.007169 0.008243 0.007654 0.007567 0.006939 0.007159 0.007116 0.007031 0.007161 0.007115 0.007092 0.007093 0.00708 0.007073 0.007152 0.007151 0.007182 0.007259 0.00761 0.008385 0.008519 0.009016 0.00987 0.009722 0.009078 0.009316 0.009546 0.00974 0.009862 0.01011 0.010251 0.010449 0.010679 0.010168 0.010148 0.009957 0.009988 0.009703 0.009115 0.008938 0.008704 0.008536 0.008124 0.007927 0.007719 0.007741 0.007803 0.007843 0.007787 0.007409 0.007413 0.007444 0.007472 0.007339 0.007052 0.006938 0.006815 0.006968 0.007179 0.007396 0.007722 0.007636 0.007758 0.007762 0.00768 0.007484 0.007506 0.007562 0.007601 0.007543 0.007348 0.007431 0.007726 0.008039 0.007945 0.007781 0.007415 0.007302 0.007506 0.007581 0.007496 0.007497 0.006848 0.00698 0.007008 0.006918 0.006778 0.006639 0.006388 0.006169 0.006609 0.006718 0.006649 0.006934 0.007181 0.007024 0.006919 0.006868 0.006681 0.006595 0.007048 0.007076 0.007096 0.006989 0.006845 0.006792 0.007449 0.007231 0.007523 0.006548 0.006851 0.006578 0.006466 0.006658 0.006616 0.006766 0.006478 0.006447 0.005962 0.006002 0.005944 0.005811 0.005837 0.005606 0.004959 0.004942 0.004869 0.005236 0.004922 0.004668 0.004473 0.004729 0.004784 0.004459 0.004387 0.004435 0.004559 0.004634 0.004723 0.004723 0.004751 0.004758 0.004586 0.004384 0.004453 0.004168 0.004141 0.004263 0.004245 0.004232 0.004135 0.004228 0.004215 0.004281 0.004218 0.004397 0.004258 0.004447 0.004682 0.004912 0.004555 0.004141 0.004247 0.00437 0.004331 0.004284 0.004105 0.003962 0.004202 0.004157 0.004018 0.003893 0.003963 0.003995 0.00399 0.003937 0.003971 0.003988 0.004012 0.004032 0.003986 0.004065 0.004047 0.004038 0.004002 0.004063 0.003975 0.00385 0.003934 0.003905 0.004368 0.00487 0.004912 0.005133 0.00622 0.007739 0.007715 0.007686 0.007773 0.007996 0.006929 0.006114 0.006213 0.006176 0.005879 0.005792 0.005738 0.005745 0.005658 0.005521 0.005445 0.005911 0.005626 0.005787 0.005778 0.005735 0.005654 0.005564 0.005484 0.005585 0.005546 0.005505 0.005624 0.005572 0.005529 0.005429 0.005474 0.005447 0.00543 0.0054 0.005323 0.005094 0.004793 0.004686 0.004825 0.004891 0.004832 0.004949 0.004894 0.004739 0.004745 0.004835 0.004732 0.00499 0.005968 0.005694 0.006315 0.006125 0.005913 0.006004 0.0062 0.006206 0.006225 0.006508 0.007099 0.007484 0.007143 0.006925 0.006961 0.006909 0.007092 0.007339 0.007655 0.007723 0.007585 0.00732 0.007201 0.007409 0.007416 0.007284 0.007303 0.007231 0.007334 0.007284 0.00737 0.007292 0.007223 0.00728 0.007361 0.00739 0.007457 0.007357 0.007159 0.007152 0.007191 0.007228 0.007336 0.007329 0.007894 0.007802 0.007736 0.00764 0.007371 0.007292 0.007325 0.007207 0.007115 0.007062 0.007163 0.007229 0.007455 0.007374 0.00734 0.007227 0.007197 0.006756 0.006702 0.006472 0.006497 0.006514 0.006588 0.006585 0.00658 0.006569 0.006402 0.00605 0.005853 0.005516 0.005206 0.005303 0.005171 0.005051 0.005583 0.005695 0.005771 0.005754 0.006179 0.006267 0.006411 0.006586 0.006489 0.006545 0.006457 0.006466 0.006282 0.005937 0.005889 0.005901 0.005947 0.005926 0.005828 0.005705 0.005503 0.005433 0.005611 0.005691 0.005625 0.005622 0.005516 0.005418 0.005423 0.005401 0.005369 0.005356 0.005323 0.005324 0.005375 0.005385 0.00542 0.005337 0.005292 0.005271 0.005354 0.005162 0.005066 0.00511 0.005113 0.005099 0.005158 0.005126 0.005194 0.005171 0.005125 0.005084 0.005107 0.005079 0.005091 0.005061 0.005119 0.0051 0.005126 0.005208 0.005161 0.006339 0.006116 0.005927 0.005934 0.005855 0.006005 0.005854 0.005487 0.005735 0.005632 0.005799 0.005781 0.005798 0.00581 0.006116 0.006095 0.005997 0.006093 0.006015 0.005939 0.006307 0.006056 0.006029 0.005965 0.006077 0.006044 0.006044 0.00591 0.005742 0.005779 0.00575 0.00584 0.005958 0.005915 0.005857 0.005817 0.005805 0.005818 0.005744 0.005757 0.005731 0.005685 0.00546 0.005394 0.005391 0.005465 0.005474 0.005325 0.00529 0.005073 0.005065 0.005224 0.005816 0.005716 0.005573 0.005437 0.005544 0.005539 0.005558 0.005483 0.005456 0.00537 0.005407 0.005446 0.005408 0.005396 0.005403 0.005398 0.005357 0.005303 0.005326 0.005375 0.005387 0.005386 0.005336 0.005326 0.00548 0.005406 0.00539 0.005345 0.005353 0.005348 0.005337 0.005321 0.005257 0.005244 0.005237 0.005228 0.005229 0.005199 0.005247 0.005247 0.005303 0.007384 0.006675 0.006292 0.006142 0.006137 0.006086 0.006104 0.006106 0.006427 0.006562 0.00699 0.00708 0.007338 0.008062 0.007947 0.007854 0.007298 0.00727 0.007218 0.007006 0.006636 0.006627 0.006586 0.006527 0.006741 0.007162 0.007449 0.00722 0.007226 0.007994 0.007427 0.007368 0.007294 0.007611 0.007863 0.008321 0.008297 0.008245 0.008689 0.008339 0.008167 0.0081 0.007782 0.007416 0.007042 0.007298 0.007473 0.007329 0.007413 0.007229 0.007319 0.007385 0.007386 0.007339 0.007449 0.007399 0.007474 0.007433 0.007414 0.00763 0.007537 0.007348 0.007325 0.007274 0.007348 0.007368 0.007232 0.007115 0.006993 0.006699 0.006582 0.006518 0.006978 0.006669 0.006601 0.006369 0.006349 0.006286 0.006243 0.006175 0.006177 0.005981 0.006209 0.006368 0.006685 0.006758 0.006456 0.006396 0.006369 0.006314 0.006379 0.006397 0.006424 0.006262 0.006293 0.006292 0.006256 0.006182 0.006096 0.006008 0.006069 0.006165 0.006054 0.005927 0.005927 0.006 0.006113 0.006134 0.006052 0.006037 0.006131 0.00626 0.005849 0.005999 0.006047 0.00592 0.005827 0.006349 0.006053 0.006051 0.006199 0.00645 0.006329 0.006403 0.006358 0.006313 0.0066 0.006239 0.006267 0.006267 0.006226 0.006097 0.006059 0.006263 0.005999 0.00593 0.005975 0.005961 0.005847 